4

2
3 4 7
5 9 7
7
1 7 10 10 15 10 10

10
5 59 444
6 42 121
7 82 868
8 22 500
9 39 606
10 13 23
12 67 484
13 11 962
14 10 713
15 58 808
200
903 391 703 222 993 433 744 30 541 228 903 391 703 222 993 433 744 30 541 228 903 391 703 222 993 433 744 30 541 228 903 391 703 222 993 433 744 30 541 228 903 391 703 222 993 433 744 30 541 228 903 391 703 222 993 433 744 30 541 228 903 391 703 222 993 433 744 30 541 228 903 391 703 222 993 433 744 30 541 228 903 391 703 222 993 433 744 30 541 228 903 391 703 222 993 433 744 30 541 228 903 391 703 222 993 433 744 30 541 228 903 391 703 222 993 433 744 30 541 228 903 391 703 222 993 433 744 30 541 228 903 391 703 222 993 433 744 30 541 228 903 391 703 222 993 433 744 30 541 228 903 391 703 222 993 433 744 30 541 228 903 391 703 222 993 433 744 30 541 228 903 391 703 222 993 433 744 30 541 228 903 391 703 222 993 433 744 30 541 228 903 391 703 222 993 433 744 30 541 228

90
81 93 11
82 60 47
83 88 10
84 76 19
90 71 23
99 52 18
102 88 30
103 95 23
105 88 44
111 60 25
113 54 40
114 66 44
116 73 48
118 53 50
120 74 34
129 94 12
133 94 30
137 82 29
144 70 33
151 57 44
163 52 39
164 78 20
165 100 17
168 90 19
169 62 40
171 87 44
172 70 21
177 67 49
182 83 29
185 69 34
187 80 48
188 79 32
190 58 10
192 71 15
196 57 25
199 89 26
204 76 42
208 50 14
211 86 21
213 61 33
219 85 27
220 79 32
223 70 33
224 64 14
226 87 18
230 88 27
239 66 50
242 89 47
247 86 32
248 95 37
252 96 46
253 90 19
254 53 27
261 59 22
262 57 12
263 68 36
265 68 43
272 91 16
273 99 50
277 58 33
283 69 47
285 83 34
290 66 45
292 90 47
294 100 13
296 97 17
297 55 32
299 90 46
300 51 47
303 63 26
306 64 27
308 65 12
309 67 37
311 77 45
312 62 37
315 68 44
317 74 10
318 84 36
319 83 37
323 87 36
326 85 40
327 86 46
330 71 10
336 56 49
340 76 12
341 78 27
343 67 28
345 53 10
346 70 11
349 64 31
2
75444 16854

91
237 1 7
281 1 2
290 1 5
402 1 3
409 1 2
432 1 2
458 1 3
480 1 1
481 1 10
521 1 1
548 1 2
625 1 5
629 1 5
650 1 2
670 1 1
678 1 4
690 1 10
706 1 9
710 1 8
749 1 8
761 1 9
776 1 4
802 1 7
901 1 9
910 1 7
958 1 3
984 1 5
998 1 4
1002 1 2
1052 1 1
1071 1 2
1077 1 10
1080 1 10
1097 1 3
1112 1 2
1148 1 5
1191 1 3
1193 1 9
1214 1 6
1236 1 5
1240 1 8
1263 1 4
1292 1 5
1302 1 4
1303 1 1
1313 1 9
1318 1 4
1354 1 7
1420 1 4
1431 1 1
1446 1 5
1459 1 5
1499 1 8
1508 1 9
1528 1 5
1534 1 3
1551 1 6
1661 1 9
1668 1 5
1748 1 10
1769 1 9
1782 1 1
1872 1 1
1899 1 7
1938 1 10
1947 1 6
1976 1 8
2015 1 1
2033 1 7
2040 1 4
2058 1 2
2065 1 7
2139 1 9
2145 1 10
2158 1 3
2161 1 8
2172 1 8
2176 1 10
2182 1 8
2189 1 5
2200 1 2
2203 1 9
2222 1 8
2333 1 8
2343 1 8
2391 1 7
2449 1 2
2461 1 1
2464 1 4
2472 1 7
2473 1 2
55
1795 1481 5654 1171 9405 3673 5113 17724 13885 3151 10776 6925 8147 6849 8430 5557 5162 15105 7683 13244 1750 18791 4744 15292 14457 963 19503 12559 5913 12874 16718 1756 15810 8977 13269 8314 13506 15483 11800 17944 10838 2668 7373 17461 6157 13197 12536 381 10255 15223 17157 15280 5813 3095 562
