-1
-1
DEBUG:	Suma:    10	Hmotnost: 18	Pouzite:	0 2 	Zvysne:      7     5
DEBUG:	Suma:    10	Hmotnost: 18	Pouzite:	0 2 	Zvysne:      7     3
DEBUG:	Suma:    15	Hmotnost: 20	Pouzite:	5 0 	Zvysne:      2     3
DEBUG:	Suma:    10	Hmotnost: 18	Pouzite:	0 2 	Zvysne:      2     1
-1

DEBUG:	Suma:   903	Hmotnost: 656	Pouzite:	0 0 0 0 0 1 0 3 61 0 	Zvysne:    444   121   868   500   606    22   484   959   652   808
DEBUG:	Suma:   391	Hmotnost: 281	Pouzite:	0 0 0 0 0 0 0 1 27 0 	Zvysne:    444   121   868   500   606    22   484   958   625   808
DEBUG:	Suma:   703	Hmotnost: 519	Pouzite:	0 0 0 0 0 2 0 3 46 0 	Zvysne:    444   121   868   500   606    20   484   955   579   808
DEBUG:	Suma:   222	Hmotnost: 162	Pouzite:	0 0 0 0 0 0 0 2 14 0 	Zvysne:    444   121   868   500   606    20   484   953   565   808
DEBUG:	Suma:   993	Hmotnost: 711	Pouzite:	0 0 0 0 0 0 0 1 70 0 	Zvysne:    444   121   868   500   606    20   484   952   495   808
DEBUG:	Suma:   433	Hmotnost: 311	Pouzite:	0 0 0 0 0 0 0 1 30 0 	Zvysne:    444   121   868   500   606    20   484   951   465   808
DEBUG:	Suma:   744	Hmotnost: 549	Pouzite:	0 0 0 0 0 3 0 0 51 0 	Zvysne:    444   121   868   500   606    17   484   951   414   808
DEBUG:	Suma:    30	Hmotnost: 39	Pouzite:	0 0 0 0 0 3 0 0 0 0 	Zvysne:    444   121   868   500   606    14   484   951   414   808
DEBUG:	Suma:   541	Hmotnost: 394	Pouzite:	0 0 0 0 0 1 0 1 37 0 	Zvysne:    444   121   868   500   606    13   484   950   377   808
DEBUG:	Suma:   228	Hmotnost: 178	Pouzite:	0 0 0 0 0 2 0 2 13 0 	Zvysne:    444   121   868   500   606    11   484   948   364   808
DEBUG:	Suma:   903	Hmotnost: 656	Pouzite:	0 0 0 0 0 1 0 3 61 0 	Zvysne:    444   121   868   500   606    10   484   945   303   808
DEBUG:	Suma:   391	Hmotnost: 281	Pouzite:	0 0 0 0 0 0 0 1 27 0 	Zvysne:    444   121   868   500   606    10   484   944   276   808
DEBUG:	Suma:   703	Hmotnost: 519	Pouzite:	0 0 0 0 0 2 0 3 46 0 	Zvysne:    444   121   868   500   606     8   484   941   230   808
DEBUG:	Suma:   222	Hmotnost: 162	Pouzite:	0 0 0 0 0 0 0 2 14 0 	Zvysne:    444   121   868   500   606     8   484   939   216   808
DEBUG:	Suma:   993	Hmotnost: 711	Pouzite:	0 0 0 0 0 0 0 1 70 0 	Zvysne:    444   121   868   500   606     8   484   938   146   808
DEBUG:	Suma:   433	Hmotnost: 311	Pouzite:	0 0 0 0 0 0 0 1 30 0 	Zvysne:    444   121   868   500   606     8   484   937   116   808
DEBUG:	Suma:   744	Hmotnost: 549	Pouzite:	0 0 0 0 0 3 0 0 51 0 	Zvysne:    444   121   868   500   606     5   484   937    65   808
DEBUG:	Suma:    30	Hmotnost: 39	Pouzite:	0 0 0 0 0 3 0 0 0 0 	Zvysne:    444   121   868   500   606     2   484   937    65   808
DEBUG:	Suma:   541	Hmotnost: 394	Pouzite:	0 0 0 0 0 1 0 1 37 0 	Zvysne:    444   121   868   500   606     1   484   936    28   808
DEBUG:	Suma:   228	Hmotnost: 179	Pouzite:	0 0 0 0 0 1 0 6 10 0 	Zvysne:    444   121   868   500   606     0   484   930    18   808
DEBUG:	Suma:   903	Hmotnost: 753	Pouzite:	0 0 0 0 0 0 0 63 6 0 	Zvysne:    444   121   868   500   606     0   484   867    12   808
DEBUG:	Suma:   391	Hmotnost: 329	Pouzite:	0 0 0 0 0 0 0 29 1 0 	Zvysne:    444   121   868   500   606     0   484   838    11   808
DEBUG:	Suma:   703	Hmotnost: 593	Pouzite:	0 0 0 0 0 0 0 53 1 0 	Zvysne:    444   121   868   500   606     0   484   785    10   808
DEBUG:	Suma:   222	Hmotnost: 186	Pouzite:	0 0 0 0 0 0 0 16 1 0 	Zvysne:    444   121   868   500   606     0   484   769     9   808
DEBUG:	Suma:   993	Hmotnost: 831	Pouzite:	0 0 0 0 0 0 0 71 5 0 	Zvysne:    444   121   868   500   606     0   484   698     4   808
DEBUG:	Suma:   433	Hmotnost: 359	Pouzite:	0 0 0 0 0 0 0 29 4 0 	Zvysne:    444   121   868   500   606     0   484   669     0   808
DEBUG:	Suma:   744	Hmotnost: 660	Pouzite:	0 0 0 2 0 0 0 56 0 0 	Zvysne:    444   121   868   498   606     0   484   613     0   808
DEBUG:	Suma:    30	Hmotnost: 72	Pouzite:	0 0 0 1 1 0 0 1 0 0 	Zvysne:    444   121   868   497   605     0   484   612     0   808
DEBUG:	Suma:   541	Hmotnost: 473	Pouzite:	0 0 0 1 0 0 0 41 0 0 	Zvysne:    444   121   868   496   605     0   484   571     0   808
DEBUG:	Suma:   228	Hmotnost: 265	Pouzite:	0 0 0 1 0 0 1 16 0 0 	Zvysne:    444   121   868   495   605     0   483   555     0   808
DEBUG:	Suma:   903	Hmotnost: 801	Pouzite:	0 1 0 0 0 0 0 69 0 0 	Zvysne:    444   120   868   495   605     0   483   486     0   808
DEBUG:	Suma:   391	Hmotnost: 383	Pouzite:	0 1 0 1 0 0 0 29 0 0 	Zvysne:    444   119   868   494   605     0   483   457     0   808
DEBUG:	Suma:   703	Hmotnost: 647	Pouzite:	0 1 0 1 0 0 0 53 0 0 	Zvysne:    444   118   868   493   605     0   483   404     0   808
DEBUG:	Suma:   222	Hmotnost: 240	Pouzite:	0 1 0 1 0 0 0 16 0 0 	Zvysne:    444   117   868   492   605     0   483   388     0   808
DEBUG:	Suma:   993	Hmotnost: 895	Pouzite:	1 0 0 0 0 0 0 76 0 0 	Zvysne:    443   117   868   492   605     0   483   312     0   808
DEBUG:	Suma:   433	Hmotnost: 413	Pouzite:	0 0 0 1 1 0 0 32 0 0 	Zvysne:    443   117   868   491   604     0   483   280     0   808
DEBUG:	Suma:   744	Hmotnost: 660	Pouzite:	0 0 0 2 0 0 0 56 0 0 	Zvysne:    443   117   868   489   604     0   483   224     0   808
DEBUG:	Suma:    30	Hmotnost: 72	Pouzite:	0 0 0 1 1 0 0 1 0 0 	Zvysne:    443   117   868   488   603     0   483   223     0   808
DEBUG:	Suma:   541	Hmotnost: 473	Pouzite:	0 0 0 1 0 0 0 41 0 0 	Zvysne:    443   117   868   487   603     0   483   182     0   808
DEBUG:	Suma:   228	Hmotnost: 265	Pouzite:	0 0 0 1 0 0 1 16 0 0 	Zvysne:    443   117   868   486   603     0   482   166     0   808
DEBUG:	Suma:   903	Hmotnost: 801	Pouzite:	0 1 0 0 0 0 0 69 0 0 	Zvysne:    443   116   868   486   603     0   482    97     0   808
DEBUG:	Suma:   391	Hmotnost: 383	Pouzite:	0 1 0 1 0 0 0 29 0 0 	Zvysne:    443   115   868   485   603     0   482    68     0   808
DEBUG:	Suma:   703	Hmotnost: 647	Pouzite:	0 1 0 1 0 0 0 53 0 0 	Zvysne:    443   114   868   484   603     0   482    15     0   808
DEBUG:	Suma:   222	Hmotnost: 264	Pouzite:	0 0 0 5 0 0 0 14 0 0 	Zvysne:    443   114   868   479   603     0   482     1     0   808
DEBUG:	Suma:   993	Hmotnost: 2740	Pouzite:	0 0 0 121 0 0 1 1 0 0 	Zvysne:    443   114   868   358   603     0   481     0     0   808
DEBUG:	Suma:   433	Hmotnost: 1205	Pouzite:	0 0 0 53 1 0 0 0 0 0 	Zvysne:    443   114   868   305   602     0   481     0     0   808
DEBUG:	Suma:   744	Hmotnost: 2046	Pouzite:	0 0 0 93 0 0 0 0 0 0 	Zvysne:    443   114   868   212   602     0   481     0     0   808
DEBUG:	Suma:    30	Hmotnost: 108	Pouzite:	0 1 0 3 0 0 0 0 0 0 	Zvysne:    443   113   868   209   602     0   481     0     0   808
DEBUG:	Suma:   541	Hmotnost: 1530	Pouzite:	0 1 0 65 0 0 0 0 0 1 	Zvysne:    443   112   868   144   602     0   481     0     0   807
DEBUG:	Suma:   228	Hmotnost: 661	Pouzite:	0 0 0 27 0 0 1 0 0 0 	Zvysne:    443   112   868   117   602     0   480     0     0   807
DEBUG:	Suma:   903	Hmotnost: 2500	Pouzite:	0 0 0 111 0 0 0 0 0 1 	Zvysne:    443   112   868     6   602     0   480     0     0   806
DEBUG:	Suma:   391	Hmotnost: 1484	Pouzite:	0 0 0 5 4 0 0 0 0 21 	Zvysne:    443   112   868     1   598     0   480     0     0   785
DEBUG:	Suma:   703	Hmotnost: 2749	Pouzite:	1 0 0 1 0 0 0 0 0 46 	Zvysne:    442   112   868     0   598     0   480     0     0   739
DEBUG:	Suma:   222	Hmotnost: 871	Pouzite:	0 0 0 0 3 0 0 0 0 13 	Zvysne:    442   112   868     0   595     0   480     0     0   726
DEBUG:	Suma:   993	Hmotnost: 3848	Pouzite:	0 0 0 0 2 0 0 0 0 65 	Zvysne:    442   112   868     0   593     0   480     0     0   661
DEBUG:	Suma:   433	Hmotnost: 1746	Pouzite:	0 0 1 0 4 0 0 0 0 26 	Zvysne:    442   112   867     0   589     0   480     0     0   635
DEBUG:	Suma:   744	Hmotnost: 2881	Pouzite:	0 0 0 0 1 0 0 0 0 49 	Zvysne:    442   112   867     0   588     0   480     0     0   586
DEBUG:	Suma:    30	Hmotnost: 116	Pouzite:	0 0 0 0 0 0 0 0 0 2 	Zvysne:    442   112   867     0   588     0   480     0     0   584
DEBUG:	Suma:   541	Hmotnost: 2151	Pouzite:	0 0 1 0 1 0 0 0 0 35 	Zvysne:    442   112   866     0   587     0   480     0     0   549
DEBUG:	Suma:   228	Hmotnost: 890	Pouzite:	0 0 0 0 2 0 0 0 0 14 	Zvysne:    442   112   866     0   585     0   480     0     0   535
DEBUG:	Suma:   903	Hmotnost: 3500	Pouzite:	0 0 0 0 2 0 0 0 0 59 	Zvysne:    442   112   866     0   583     0   480     0     0   476
DEBUG:	Suma:   391	Hmotnost: 1571	Pouzite:	0 0 1 0 1 0 0 0 0 25 	Zvysne:    442   112   865     0   582     0   480     0     0   451
DEBUG:	Suma:   703	Hmotnost: 2790	Pouzite:	0 0 1 0 4 0 0 0 0 44 	Zvysne:    442   112   864     0   578     0   480     0     0   407
DEBUG:	Suma:   222	Hmotnost: 871	Pouzite:	0 0 0 0 3 0 0 0 0 13 	Zvysne:    442   112   864     0   575     0   480     0     0   394
DEBUG:	Suma:   993	Hmotnost: 3848	Pouzite:	0 0 0 0 2 0 0 0 0 65 	Zvysne:    442   112   864     0   573     0   480     0     0   329
DEBUG:	Suma:   433	Hmotnost: 1746	Pouzite:	0 0 1 0 4 0 0 0 0 26 	Zvysne:    442   112   863     0   569     0   480     0     0   303
DEBUG:	Suma:   744	Hmotnost: 2881	Pouzite:	0 0 0 0 1 0 0 0 0 49 	Zvysne:    442   112   863     0   568     0   480     0     0   254
DEBUG:	Suma:    30	Hmotnost: 116	Pouzite:	0 0 0 0 0 0 0 0 0 2 	Zvysne:    442   112   863     0   568     0   480     0     0   252
DEBUG:	Suma:   541	Hmotnost: 2151	Pouzite:	0 0 1 0 1 0 0 0 0 35 	Zvysne:    442   112   862     0   567     0   480     0     0   217
DEBUG:	Suma:   228	Hmotnost: 890	Pouzite:	0 0 0 0 2 0 0 0 0 14 	Zvysne:    442   112   862     0   565     0   480     0     0   203
DEBUG:	Suma:   903	Hmotnost: 3500	Pouzite:	0 0 0 0 2 0 0 0 0 59 	Zvysne:    442   112   862     0   563     0   480     0     0   144
DEBUG:	Suma:   391	Hmotnost: 1571	Pouzite:	0 0 1 0 1 0 0 0 0 25 	Zvysne:    442   112   861     0   562     0   480     0     0   119
DEBUG:	Suma:   703	Hmotnost: 2790	Pouzite:	0 0 1 0 4 0 0 0 0 44 	Zvysne:    442   112   860     0   558     0   480     0     0    75
DEBUG:	Suma:   222	Hmotnost: 871	Pouzite:	0 0 0 0 3 0 0 0 0 13 	Zvysne:    442   112   860     0   555     0   480     0     0    62
DEBUG:	Suma:   993	Hmotnost: 3869	Pouzite:	0 0 0 0 7 0 0 0 0 62 	Zvysne:    442   112   860     0   548     0   480     0     0     0
DEBUG:	Suma:   433	Hmotnost: 1943	Pouzite:	0 0 1 0 46 0 1 0 0 0 	Zvysne:    442   112   859     0   502     0   479     0     0     0
DEBUG:	Suma:   744	Hmotnost: 3240	Pouzite:	0 1 0 0 82 0 0 0 0 0 	Zvysne:    442   111   859     0   420     0   479     0     0     0
DEBUG:	Suma:    30	Hmotnost: 145	Pouzite:	0 0 0 0 2 0 1 0 0 0 	Zvysne:    442   111   859     0   418     0   478     0     0     0
DEBUG:	Suma:   541	Hmotnost: 2411	Pouzite:	0 0 1 0 58 0 1 0 0 0 	Zvysne:    442   111   858     0   360     0   477     0     0     0
DEBUG:	Suma:   228	Hmotnost: 1003	Pouzite:	0 0 0 0 24 0 1 0 0 0 	Zvysne:    442   111   858     0   336     0   476     0     0     0
DEBUG:	Suma:   903	Hmotnost: 3928	Pouzite:	0 0 0 0 99 0 1 0 0 0 	Zvysne:    442   111   858     0   237     0   475     0     0     0
DEBUG:	Suma:   391	Hmotnost: 1762	Pouzite:	0 1 1 0 42 0 0 0 0 0 	Zvysne:    442   110   857     0   195     0   475     0     0     0
DEBUG:	Suma:   703	Hmotnost: 3113	Pouzite:	0 0 1 0 76 0 1 0 0 0 	Zvysne:    442   110   856     0   119     0   474     0     0     0
DEBUG:	Suma:   222	Hmotnost: 978	Pouzite:	0 1 0 0 24 0 0 0 0 0 	Zvysne:    442   109   856     0    95     0   474     0     0     0
DEBUG:	Suma:   993	Hmotnost: 4484	Pouzite:	0 1 0 0 95 0 11 0 0 0 	Zvysne:    442   108   856     0     0     0   463     0     0     0
DEBUG:	Suma:   433	Hmotnost: 2469	Pouzite:	0 1 1 0 0 0 35 0 0 0 	Zvysne:    442   107   855     0     0     0   428     0     0     0
DEBUG:	Suma:   744	Hmotnost: 4154	Pouzite:	0 0 0 0 0 0 62 0 0 0 	Zvysne:    442   107   855     0     0     0   366     0     0     0
DEBUG:	Suma:    30	Hmotnost: 176	Pouzite:	0 1 0 0 0 0 2 0 0 0 	Zvysne:    442   106   855     0     0     0   364     0     0     0
DEBUG:	Suma:   541	Hmotnost: 3072	Pouzite:	0 1 1 0 0 0 44 0 0 0 	Zvysne:    442   105   854     0     0     0   320     0     0     0
DEBUG:	Suma:   228	Hmotnost: 1273	Pouzite:	0 0 0 0 0 0 19 0 0 0 	Zvysne:    442   105   854     0     0     0   301     0     0     0
DEBUG:	Suma:   903	Hmotnost: 5135	Pouzite:	3 0 0 0 0 0 74 0 0 0 	Zvysne:    439   105   854     0     0     0   227     0     0     0
DEBUG:	Suma:   391	Hmotnost: 2226	Pouzite:	0 0 1 0 0 0 32 0 0 0 	Zvysne:    439   105   853     0     0     0   195     0     0     0
DEBUG:	Suma:   703	Hmotnost: 3968	Pouzite:	0 0 1 0 0 0 58 0 0 0 	Zvysne:    439   105   852     0     0     0   137     0     0     0
DEBUG:	Suma:   222	Hmotnost: 1248	Pouzite:	0 1 0 0 0 0 18 0 0 0 	Zvysne:    439   104   852     0     0     0   119     0     0     0
DEBUG:	Suma:   993	Hmotnost: 5646	Pouzite:	3 1 0 0 0 0 81 0 0 0 	Zvysne:    436   103   852     0     0     0    38     0     0     0
DEBUG:	Suma:   433	Hmotnost: 2469	Pouzite:	0 1 1 0 0 0 35 0 0 0 	Zvysne:    436   102   851     0     0     0     3     0     0     0
DEBUG:	Suma:   744	Hmotnost: 5610	Pouzite:	1 102 13 0 0 0 3 0 0 0 	Zvysne:    435     0   838     0     0     0     0     0     0     0
DEBUG:	Suma:    30	Hmotnost: 354	Pouzite:	6 0 0 0 0 0 0 0 0 0 	Zvysne:    429     0   838     0     0     0     0     0     0     0
DEBUG:	Suma:   541	Hmotnost: 6340	Pouzite:	6 0 73 0 0 0 0 0 0 0 	Zvysne:    423     0   765     0     0     0     0     0     0     0
DEBUG:	Suma:   228	Hmotnost: 2673	Pouzite:	5 0 29 0 0 0 0 0 0 0 	Zvysne:    418     0   736     0     0     0     0     0     0     0
DEBUG:	Suma:   903	Hmotnost: 10578	Pouzite:	0 0 129 0 0 0 0 0 0 0 	Zvysne:    418     0   607     0     0     0     0     0     0     0
DEBUG:	Suma:   391	Hmotnost: 4582	Pouzite:	4 0 53 0 0 0 0 0 0 0 	Zvysne:    414     0   554     0     0     0     0     0     0     0
DEBUG:	Suma:   703	Hmotnost: 8236	Pouzite:	2 0 99 0 0 0 0 0 0 0 	Zvysne:    412     0   455     0     0     0     0     0     0     0
DEBUG:	Suma:   222	Hmotnost: 2601	Pouzite:	1 0 31 0 0 0 0 0 0 0 	Zvysne:    411     0   424     0     0     0     0     0     0     0
DEBUG:	Suma:   993	Hmotnost: 11634	Pouzite:	4 0 139 0 0 0 0 0 0 0 	Zvysne:    407     0   285     0     0     0     0     0     0     0
DEBUG:	Suma:   433	Hmotnost: 5074	Pouzite:	4 0 59 0 0 0 0 0 0 0 	Zvysne:    403     0   226     0     0     0     0     0     0     0
DEBUG:	Suma:   744	Hmotnost: 8718	Pouzite:	6 0 102 0 0 0 0 0 0 0 	Zvysne:    397     0   124     0     0     0     0     0     0     0
DEBUG:	Suma:    30	Hmotnost: 354	Pouzite:	6 0 0 0 0 0 0 0 0 0 	Zvysne:    391     0   124     0     0     0     0     0     0     0
DEBUG:	Suma:   541	Hmotnost: 6340	Pouzite:	6 0 73 0 0 0 0 0 0 0 	Zvysne:    385     0    51     0     0     0     0     0     0     0
DEBUG:	Suma:   228	Hmotnost: 2673	Pouzite:	5 0 29 0 0 0 0 0 0 0 	Zvysne:    380     0    22     0     0     0     0     0     0     0
DEBUG:	Suma:   903	Hmotnost: 10644	Pouzite:	154 0 19 0 0 0 0 0 0 0 	Zvysne:    226     0     3     0     0     0     0     0     0     0
DEBUG:	Suma:   391	Hmotnost: 4612	Pouzite:	74 0 3 0 0 0 0 0 0 0 	Zvysne:    152     0     0     0     0     0     0     0     0     0
-1
-1
-1
-1
-1
DEBUG:	Suma:    30	Hmotnost: 354	Pouzite:	6 0 0 0 0 0 0 0 0 0 	Zvysne:    146     0     0     0     0     0     0     0     0     0
-1
-1
-1
-1
-1
-1
-1
-1
-1
DEBUG:	Suma:    30	Hmotnost: 354	Pouzite:	6 0 0 0 0 0 0 0 0 0 	Zvysne:    140     0     0     0     0     0     0     0     0     0
-1
-1
-1
-1
-1
-1
-1
-1
-1
DEBUG:	Suma:    30	Hmotnost: 354	Pouzite:	6 0 0 0 0 0 0 0 0 0 	Zvysne:    134     0     0     0     0     0     0     0     0     0
-1
-1
-1
-1
-1
-1
-1
-1
-1
DEBUG:	Suma:    30	Hmotnost: 354	Pouzite:	6 0 0 0 0 0 0 0 0 0 	Zvysne:    128     0     0     0     0     0     0     0     0     0
-1
-1
-1
-1
-1
-1
-1
-1
-1
DEBUG:	Suma:    30	Hmotnost: 354	Pouzite:	6 0 0 0 0 0 0 0 0 0 	Zvysne:    122     0     0     0     0     0     0     0     0     0
-1
-1
-1
-1
-1
-1
-1
-1
-1
DEBUG:	Suma:    30	Hmotnost: 354	Pouzite:	6 0 0 0 0 0 0 0 0 0 	Zvysne:    116     0     0     0     0     0     0     0     0     0
-1
-1
-1
-1
-1
-1
-1
-1
-1
DEBUG:	Suma:    30	Hmotnost: 354	Pouzite:	6 0 0 0 0 0 0 0 0 0 	Zvysne:    110     0     0     0     0     0     0     0     0     0
-1
-1
-1
-1
-1
-1
-1
-1
-1
DEBUG:	Suma:    30	Hmotnost: 354	Pouzite:	6 0 0 0 0 0 0 0 0 0 	Zvysne:    104     0     0     0     0     0     0     0     0     0
-1
-1
-1
-1
-1
-1
-1
-1
-1
DEBUG:	Suma:    30	Hmotnost: 354	Pouzite:	6 0 0 0 0 0 0 0 0 0 	Zvysne:     98     0     0     0     0     0     0     0     0     0
-1
-1

DEBUG:	Suma: 75444	Hmotnost: 13583	Pouzite:	0 0 0 0 0 0 0 0 0 0 0 0 0 0 0 0 0 0 0 0 0 0 0 0 0 0 0 0 0 0 0 0 0 0 0 0 0 0 0 0 0 0 0 0 0 0 0 0 0 0 0 0 0 0 0 0 0 0 0 1 0 0 0 0 0 0 32 0 47 0 1 0 0 0 35 0 0 0 0 0 0 0 0 49 0 0 28 10 0 31 	Zvysne:     11    47    10    19    23    18    30    23    44    25    40    44    48    50    34    12    30    29    33    44    39    20    17    19    40    44    21    49    29    34    48    32    10    15    25    26    42    14    21    33    27    32    33    14    18    27    50    47    32    37    46    19    27    22    12    36    43    16    50    32    47    34    45    47    13    17     0    46     0    26    26    12    37    45     2    44    10    36    37    36    40    46    10     0    12    27     0     0    11     0
DEBUG:	Suma: 16854	Hmotnost: 3481	Pouzite:	0 0 0 0 0 0 0 0 0 0 0 0 0 0 0 0 0 0 0 0 0 0 0 0 0 0 0 0 0 0 0 0 0 0 0 0 0 0 0 0 0 0 0 0 0 0 0 0 0 0 0 0 18 0 0 0 0 0 0 1 0 0 0 0 0 0 0 0 0 25 0 0 0 0 2 0 0 0 0 0 0 0 0 0 0 0 0 0 11 0 	Zvysne:     11    47    10    19    23    18    30    23    44    25    40    44    48    50    34    12    30    29    33    44    39    20    17    19    40    44    21    49    29    34    48    32    10    15    25    26    42    14    21    33    27    32    33    14    18    27    50    47    32    37    46    19     9    22    12    36    43    16    50    31    47    34    45    47    13    17     0    46     0     1    26    12    37    45     0    44    10    36    37    36    40    46    10     0    12    27     0     0     0     0

DEBUG:	Suma:  1795	Hmotnost: 3	Pouzite:	0 1 0 1 0 0 0 0 0 0 0 0 0 0 0 0 0 0 0 0 0 0 0 0 0 0 0 0 0 0 0 0 0 0 1 0 0 0 0 0 0 0 0 0 0 0 0 0 0 0 0 0 0 0 0 0 0 0 0 0 0 0 0 0 0 0 0 0 0 0 0 0 0 0 0 0 0 0 0 0 0 0 0 0 0 0 0 0 0 0 0 	Zvysne:      7     1     5     2     2     2     3     1    10     1     2     5     5     2     1     4    10     9     8     8     9     4     7     9     7     3     5     4     2     1     2    10    10     3     1     5     3     9     6     5     8     4     5     4     1     9     4     7     4     1     5     5     8     9     5     3     6     9     5    10     9     1     1     7    10     6     8     1     7     4     2     7     9    10     3     8     8    10     8     5     2     9     8     8     8     7     2     1     4     7     2
DEBUG:	Suma:  1481	Hmotnost: 2	Pouzite:	0 0 1 0 0 0 0 0 0 0 0 0 0 0 0 0 0 0 0 0 0 0 0 0 0 0 0 0 0 0 0 0 0 0 0 0 1 0 0 0 0 0 0 0 0 0 0 0 0 0 0 0 0 0 0 0 0 0 0 0 0 0 0 0 0 0 0 0 0 0 0 0 0 0 0 0 0 0 0 0 0 0 0 0 0 0 0 0 0 0 0 	Zvysne:      7     1     4     2     2     2     3     1    10     1     2     5     5     2     1     4    10     9     8     8     9     4     7     9     7     3     5     4     2     1     2    10    10     3     1     5     2     9     6     5     8     4     5     4     1     9     4     7     4     1     5     5     8     9     5     3     6     9     5    10     9     1     1     7    10     6     8     1     7     4     2     7     9    10     3     8     8    10     8     5     2     9     8     8     8     7     2     1     4     7     2
DEBUG:	Suma:  5654	Hmotnost: 3	Pouzite:	0 0 0 0 0 0 0 0 0 0 0 0 0 0 0 0 0 0 0 0 0 0 0 0 0 0 0 0 0 0 0 0 0 0 0 1 0 0 0 0 0 0 0 0 0 0 0 0 0 0 0 0 0 0 0 0 0 0 0 0 0 0 0 0 0 0 0 0 1 0 0 0 0 0 0 0 0 0 0 0 0 0 0 0 0 0 0 0 0 0 1 	Zvysne:      7     1     4     2     2     2     3     1    10     1     2     5     5     2     1     4    10     9     8     8     9     4     7     9     7     3     5     4     2     1     2    10    10     3     1     4     2     9     6     5     8     4     5     4     1     9     4     7     4     1     5     5     8     9     5     3     6     9     5    10     9     1     1     7    10     6     8     1     6     4     2     7     9    10     3     8     8    10     8     5     2     9     8     8     8     7     2     1     4     7     1
DEBUG:	Suma:  1171	Hmotnost: 2	Pouzite:	0 0 0 0 0 0 0 0 1 0 0 0 0 0 0 0 1 0 0 0 0 0 0 0 0 0 0 0 0 0 0 0 0 0 0 0 0 0 0 0 0 0 0 0 0 0 0 0 0 0 0 0 0 0 0 0 0 0 0 0 0 0 0 0 0 0 0 0 0 0 0 0 0 0 0 0 0 0 0 0 0 0 0 0 0 0 0 0 0 0 0 	Zvysne:      7     1     4     2     2     2     3     1     9     1     2     5     5     2     1     4     9     9     8     8     9     4     7     9     7     3     5     4     2     1     2    10    10     3     1     4     2     9     6     5     8     4     5     4     1     9     4     7     4     1     5     5     8     9     5     3     6     9     5    10     9     1     1     7    10     6     8     1     6     4     2     7     9    10     3     8     8    10     8     5     2     9     8     8     8     7     2     1     4     7     1
DEBUG:	Suma:  9405	Hmotnost: 4	Pouzite:	0 0 0 0 0 0 0 0 0 0 0 0 0 0 0 0 0 0 0 0 0 0 0 0 0 0 0 0 0 0 0 0 0 0 0 0 0 0 0 0 0 0 0 0 0 0 0 0 0 0 0 0 0 0 0 0 0 0 0 0 0 0 0 0 0 0 0 0 0 0 0 0 1 0 0 0 0 0 0 0 0 0 0 1 0 0 0 1 0 1 0 	Zvysne:      7     1     4     2     2     2     3     1     9     1     2     5     5     2     1     4     9     9     8     8     9     4     7     9     7     3     5     4     2     1     2    10    10     3     1     4     2     9     6     5     8     4     5     4     1     9     4     7     4     1     5     5     8     9     5     3     6     9     5    10     9     1     1     7    10     6     8     1     6     4     2     7     8    10     3     8     8    10     8     5     2     9     8     7     8     7     2     0     4     6     1
DEBUG:	Suma:  3673	Hmotnost: 2	Pouzite:	0 0 0 0 0 0 0 0 0 0 0 0 0 0 0 0 0 0 0 0 0 0 0 0 0 0 0 0 0 0 0 0 0 0 0 0 0 0 0 0 0 0 0 0 0 0 0 0 0 0 0 0 0 0 1 0 0 0 0 0 0 0 0 0 0 0 0 0 0 0 0 0 0 1 0 0 0 0 0 0 0 0 0 0 0 0 0 0 0 0 0 	Zvysne:      7     1     4     2     2     2     3     1     9     1     2     5     5     2     1     4     9     9     8     8     9     4     7     9     7     3     5     4     2     1     2    10    10     3     1     4     2     9     6     5     8     4     5     4     1     9     4     7     4     1     5     5     8     9     4     3     6     9     5    10     9     1     1     7    10     6     8     1     6     4     2     7     8     9     3     8     8    10     8     5     2     9     8     7     8     7     2     0     4     6     1
DEBUG:	Suma:  5113	Hmotnost: 3	Pouzite:	0 0 0 0 0 0 1 0 0 0 0 0 0 0 0 0 0 0 0 0 0 0 0 0 0 0 0 0 0 0 0 0 0 0 0 0 0 0 0 0 0 0 0 0 0 0 0 0 0 0 0 0 0 0 0 0 0 0 0 0 0 0 0 0 0 0 0 0 0 0 0 0 0 0 0 0 0 0 1 0 0 0 0 0 0 0 0 0 0 0 1 	Zvysne:      7     1     4     2     2     2     2     1     9     1     2     5     5     2     1     4     9     9     8     8     9     4     7     9     7     3     5     4     2     1     2    10    10     3     1     4     2     9     6     5     8     4     5     4     1     9     4     7     4     1     5     5     8     9     4     3     6     9     5    10     9     1     1     7    10     6     8     1     6     4     2     7     8     9     3     8     8    10     7     5     2     9     8     7     8     7     2     0     4     6     0
DEBUG:	Suma: 17724	Hmotnost: 8	Pouzite:	0 0 0 0 0 0 0 0 0 0 0 0 0 0 1 0 0 0 0 0 0 0 0 0 0 0 0 0 0 0 0 0 0 0 0 0 0 0 0 0 0 0 0 0 0 0 0 0 0 0 0 0 0 0 0 0 0 0 0 0 0 0 0 0 0 0 0 0 0 0 0 0 0 0 0 0 0 0 0 0 0 0 1 0 0 0 0 0 0 6 0 	Zvysne:      7     1     4     2     2     2     2     1     9     1     2     5     5     2     0     4     9     9     8     8     9     4     7     9     7     3     5     4     2     1     2    10    10     3     1     4     2     9     6     5     8     4     5     4     1     9     4     7     4     1     5     5     8     9     4     3     6     9     5    10     9     1     1     7    10     6     8     1     6     4     2     7     8     9     3     8     8    10     7     5     2     9     7     7     8     7     2     0     4     0     0
DEBUG:	Suma: 13885	Hmotnost: 6	Pouzite:	0 0 0 0 0 0 0 0 0 0 0 0 0 0 0 0 0 0 0 0 0 0 0 0 0 0 0 0 0 0 0 0 0 0 0 0 0 0 0 0 0 0 0 0 0 0 0 0 0 0 0 0 0 0 0 0 0 0 0 0 0 0 1 0 0 0 0 0 0 0 0 0 0 0 0 0 1 0 0 0 0 0 0 0 0 0 1 0 3 0 0 	Zvysne:      7     1     4     2     2     2     2     1     9     1     2     5     5     2     0     4     9     9     8     8     9     4     7     9     7     3     5     4     2     1     2    10    10     3     1     4     2     9     6     5     8     4     5     4     1     9     4     7     4     1     5     5     8     9     4     3     6     9     5    10     9     1     0     7    10     6     8     1     6     4     2     7     8     9     3     8     7    10     7     5     2     9     7     7     8     7     1     0     1     0     0
DEBUG:	Suma:  3151	Hmotnost: 3	Pouzite:	0 0 0 0 2 0 0 0 0 0 0 0 0 0 0 0 0 0 0 0 0 0 0 0 0 0 0 0 0 0 0 0 0 0 0 0 0 0 0 0 0 0 0 0 0 0 0 0 0 0 0 0 0 0 0 0 0 0 0 0 0 0 0 0 0 0 0 0 0 0 0 0 0 0 0 0 0 0 0 0 0 0 0 1 0 0 0 0 0 0 0 	Zvysne:      7     1     4     2     0     2     2     1     9     1     2     5     5     2     0     4     9     9     8     8     9     4     7     9     7     3     5     4     2     1     2    10    10     3     1     4     2     9     6     5     8     4     5     4     1     9     4     7     4     1     5     5     8     9     4     3     6     9     5    10     9     1     0     7    10     6     8     1     6     4     2     7     8     9     3     8     7    10     7     5     2     9     7     6     8     7     1     0     1     0     0
DEBUG:	Suma: 10776	Hmotnost: 5	Pouzite:	0 0 0 0 0 0 0 0 0 0 0 0 0 0 0 0 0 0 0 0 0 0 0 0 0 0 0 0 0 0 0 0 0 0 0 0 0 0 0 0 0 0 0 0 0 0 0 0 0 0 0 0 0 0 0 1 0 0 0 0 0 0 0 0 1 0 0 0 0 0 0 0 0 0 0 0 0 0 0 0 0 0 0 0 0 1 1 0 1 0 0 	Zvysne:      7     1     4     2     0     2     2     1     9     1     2     5     5     2     0     4     9     9     8     8     9     4     7     9     7     3     5     4     2     1     2    10    10     3     1     4     2     9     6     5     8     4     5     4     1     9     4     7     4     1     5     5     8     9     4     2     6     9     5    10     9     1     0     7     9     6     8     1     6     4     2     7     8     9     3     8     7    10     7     5     2     9     7     6     8     6     0     0     0     0     0
DEBUG:	Suma:  6925	Hmotnost: 4	Pouzite:	0 0 0 0 0 0 0 0 0 0 0 0 0 0 0 0 0 0 0 0 0 0 0 0 0 0 0 1 0 0 0 0 0 0 0 0 0 1 0 0 0 0 0 0 0 0 0 0 0 0 0 0 0 0 0 0 0 0 0 0 0 0 0 0 0 0 0 0 0 0 0 0 0 0 0 0 0 0 0 0 0 0 0 0 1 1 0 0 0 0 0 	Zvysne:      7     1     4     2     0     2     2     1     9     1     2     5     5     2     0     4     9     9     8     8     9     4     7     9     7     3     5     3     2     1     2    10    10     3     1     4     2     8     6     5     8     4     5     4     1     9     4     7     4     1     5     5     8     9     4     2     6     9     5    10     9     1     0     7     9     6     8     1     6     4     2     7     8     9     3     8     7    10     7     5     2     9     7     6     7     5     0     0     0     0     0
DEBUG:	Suma:  8147	Hmotnost: 4	Pouzite:	0 0 0 0 0 0 0 0 0 0 0 0 0 0 0 0 0 0 0 0 0 0 0 0 0 0 0 0 0 0 0 0 0 0 0 0 0 1 0 0 0 0 0 0 0 0 0 0 0 0 0 0 0 0 0 0 0 0 0 0 0 0 0 0 0 0 0 0 0 0 0 0 0 0 0 0 1 0 0 0 0 0 0 0 0 2 0 0 0 0 0 	Zvysne:      7     1     4     2     0     2     2     1     9     1     2     5     5     2     0     4     9     9     8     8     9     4     7     9     7     3     5     3     2     1     2    10    10     3     1     4     2     7     6     5     8     4     5     4     1     9     4     7     4     1     5     5     8     9     4     2     6     9     5    10     9     1     0     7     9     6     8     1     6     4     2     7     8     9     3     8     6    10     7     5     2     9     7     6     7     3     0     0     0     0     0
DEBUG:	Suma:  6849	Hmotnost: 4	Pouzite:	0 0 0 0 0 0 0 0 0 0 0 0 0 0 0 0 0 0 0 1 0 0 0 0 0 0 0 0 0 0 0 0 0 0 0 0 0 0 0 0 0 0 0 0 0 0 1 0 0 0 0 0 0 0 0 0 0 0 0 0 0 0 0 0 0 0 0 0 0 0 0 0 0 0 0 0 0 0 0 0 0 0 0 0 0 2 0 0 0 0 0 	Zvysne:      7     1     4     2     0     2     2     1     9     1     2     5     5     2     0     4     9     9     8     7     9     4     7     9     7     3     5     3     2     1     2    10    10     3     1     4     2     7     6     5     8     4     5     4     1     9     3     7     4     1     5     5     8     9     4     2     6     9     5    10     9     1     0     7     9     6     8     1     6     4     2     7     8     9     3     8     6    10     7     5     2     9     7     6     7     1     0     0     0     0     0
DEBUG:	Suma:  8430	Hmotnost: 4	Pouzite:	0 0 0 0 0 0 0 0 0 0 0 0 0 0 0 0 0 0 0 0 0 0 0 0 0 0 0 0 0 0 0 0 0 0 0 0 0 0 0 0 0 0 0 0 0 0 0 0 0 0 0 0 0 0 0 0 1 0 0 0 0 0 0 0 0 0 0 0 0 0 0 0 0 1 0 0 0 0 0 0 0 0 0 0 1 1 0 0 0 0 0 	Zvysne:      7     1     4     2     0     2     2     1     9     1     2     5     5     2     0     4     9     9     8     7     9     4     7     9     7     3     5     3     2     1     2    10    10     3     1     4     2     7     6     5     8     4     5     4     1     9     3     7     4     1     5     5     8     9     4     2     5     9     5    10     9     1     0     7     9     6     8     1     6     4     2     7     8     8     3     8     6    10     7     5     2     9     7     6     6     0     0     0     0     0     0
DEBUG:	Suma:  5557	Hmotnost: 3	Pouzite:	0 0 0 0 0 0 0 0 0 0 0 0 0 0 0 0 0 0 0 0 0 0 0 0 0 0 0 0 1 0 0 0 0 0 0 0 0 0 0 0 0 0 0 0 0 0 0 0 0 0 0 0 0 0 0 0 0 0 0 0 0 0 0 0 0 0 0 0 0 0 0 0 0 0 0 0 0 0 0 0 0 0 1 1 0 0 0 0 0 0 0 	Zvysne:      7     1     4     2     0     2     2     1     9     1     2     5     5     2     0     4     9     9     8     7     9     4     7     9     7     3     5     3     1     1     2    10    10     3     1     4     2     7     6     5     8     4     5     4     1     9     3     7     4     1     5     5     8     9     4     2     5     9     5    10     9     1     0     7     9     6     8     1     6     4     2     7     8     8     3     8     6    10     7     5     2     9     6     5     6     0     0     0     0     0     0
DEBUG:	Suma:  5162	Hmotnost: 3	Pouzite:	0 0 0 0 0 0 0 0 0 0 0 0 0 0 0 0 0 0 0 0 1 0 0 0 0 0 0 0 0 0 0 0 0 0 0 0 0 0 0 0 0 0 0 0 0 0 0 0 0 0 0 0 0 0 0 0 0 0 0 0 0 0 0 0 0 0 0 0 0 0 1 0 0 0 0 0 0 0 0 0 0 0 0 0 1 0 0 0 0 0 0 	Zvysne:      7     1     4     2     0     2     2     1     9     1     2     5     5     2     0     4     9     9     8     7     8     4     7     9     7     3     5     3     1     1     2    10    10     3     1     4     2     7     6     5     8     4     5     4     1     9     3     7     4     1     5     5     8     9     4     2     5     9     5    10     9     1     0     7     9     6     8     1     6     4     1     7     8     8     3     8     6    10     7     5     2     9     6     5     5     0     0     0     0     0     0
DEBUG:	Suma: 15105	Hmotnost: 7	Pouzite:	0 0 0 0 0 0 0 0 0 0 0 0 0 0 0 0 0 0 0 0 0 0 0 0 0 0 0 0 0 0 0 0 0 0 0 0 0 0 1 0 0 0 0 0 0 0 0 0 0 0 0 0 0 0 0 0 0 0 0 0 0 0 0 0 0 0 0 0 0 0 0 0 0 0 0 0 0 1 0 0 0 0 0 0 5 0 0 0 0 0 0 	Zvysne:      7     1     4     2     0     2     2     1     9     1     2     5     5     2     0     4     9     9     8     7     8     4     7     9     7     3     5     3     1     1     2    10    10     3     1     4     2     7     5     5     8     4     5     4     1     9     3     7     4     1     5     5     8     9     4     2     5     9     5    10     9     1     0     7     9     6     8     1     6     4     1     7     8     8     3     8     6     9     7     5     2     9     6     5     0     0     0     0     0     0     0
DEBUG:	Suma:  7683	Hmotnost: 4	Pouzite:	0 0 0 0 0 0 0 0 0 0 0 0 0 0 0 0 0 0 0 0 0 0 0 0 0 0 1 0 0 0 0 0 0 0 0 0 0 0 0 0 0 0 0 0 0 0 0 0 0 0 0 0 0 0 0 0 0 0 0 0 0 0 0 0 0 0 0 0 1 0 0 0 0 0 0 0 0 0 0 0 0 0 0 2 0 0 0 0 0 0 0 	Zvysne:      7     1     4     2     0     2     2     1     9     1     2     5     5     2     0     4     9     9     8     7     8     4     7     9     7     3     4     3     1     1     2    10    10     3     1     4     2     7     5     5     8     4     5     4     1     9     3     7     4     1     5     5     8     9     4     2     5     9     5    10     9     1     0     7     9     6     8     1     5     4     1     7     8     8     3     8     6     9     7     5     2     9     6     3     0     0     0     0     0     0     0
DEBUG:	Suma: 13244	Hmotnost: 6	Pouzite:	0 0 0 0 0 0 0 0 0 0 0 0 0 0 0 0 0 0 0 0 0 0 0 0 0 0 0 0 0 0 0 0 0 0 0 0 0 0 0 0 0 0 0 0 0 0 0 0 0 0 0 0 0 0 0 0 0 0 0 0 0 0 0 0 0 0 0 1 0 0 1 0 0 0 0 0 1 0 0 0 0 0 0 3 0 0 0 0 0 0 0 	Zvysne:      7     1     4     2     0     2     2     1     9     1     2     5     5     2     0     4     9     9     8     7     8     4     7     9     7     3     4     3     1     1     2    10    10     3     1     4     2     7     5     5     8     4     5     4     1     9     3     7     4     1     5     5     8     9     4     2     5     9     5    10     9     1     0     7     9     6     8     0     5     4     0     7     8     8     3     8     5     9     7     5     2     9     6     0     0     0     0     0     0     0     0
DEBUG:	Suma:  1750	Hmotnost: 2	Pouzite:	0 0 0 0 0 1 0 0 0 0 0 0 0 0 0 0 0 0 0 0 0 0 0 0 0 0 0 0 0 0 0 0 0 0 0 0 0 0 0 0 0 0 0 0 0 0 1 0 0 0 0 0 0 0 0 0 0 0 0 0 0 0 0 0 0 0 0 0 0 0 0 0 0 0 0 0 0 0 0 0 0 0 0 0 0 0 0 0 0 0 0 	Zvysne:      7     1     4     2     0     1     2     1     9     1     2     5     5     2     0     4     9     9     8     7     8     4     7     9     7     3     4     3     1     1     2    10    10     3     1     4     2     7     5     5     8     4     5     4     1     9     2     7     4     1     5     5     8     9     4     2     5     9     5    10     9     1     0     7     9     6     8     0     5     4     0     7     8     8     3     8     5     9     7     5     2     9     6     0     0     0     0     0     0     0     0
DEBUG:	Suma: 18791	Hmotnost: 9	Pouzite:	0 0 0 0 0 0 0 0 0 0 0 0 0 0 0 0 0 0 0 0 0 0 0 0 0 0 0 0 0 0 0 0 1 0 0 0 0 0 0 0 0 0 0 0 0 0 0 0 0 0 0 0 0 0 0 0 0 0 0 0 0 0 0 0 0 0 0 0 0 0 0 0 0 0 0 0 0 1 0 0 0 1 6 0 0 0 0 0 0 0 0 	Zvysne:      7     1     4     2     0     1     2     1     9     1     2     5     5     2     0     4     9     9     8     7     8     4     7     9     7     3     4     3     1     1     2    10     9     3     1     4     2     7     5     5     8     4     5     4     1     9     2     7     4     1     5     5     8     9     4     2     5     9     5    10     9     1     0     7     9     6     8     0     5     4     0     7     8     8     3     8     5     8     7     5     2     8     0     0     0     0     0     0     0     0     0
DEBUG:	Suma:  4744	Hmotnost: 3	Pouzite:	0 0 0 1 0 0 0 0 0 0 0 0 0 0 0 0 0 0 0 0 0 0 0 0 0 0 0 0 0 0 0 0 0 0 0 0 0 0 0 0 0 0 0 0 0 0 0 0 0 0 0 0 0 0 0 0 0 0 0 0 0 0 0 0 0 0 0 0 0 0 0 0 1 0 0 0 0 0 0 0 0 1 0 0 0 0 0 0 0 0 0 	Zvysne:      7     1     4     1     0     1     2     1     9     1     2     5     5     2     0     4     9     9     8     7     8     4     7     9     7     3     4     3     1     1     2    10     9     3     1     4     2     7     5     5     8     4     5     4     1     9     2     7     4     1     5     5     8     9     4     2     5     9     5    10     9     1     0     7     9     6     8     0     5     4     0     7     7     8     3     8     5     8     7     5     2     7     0     0     0     0     0     0     0     0     0
DEBUG:	Suma: 15292	Hmotnost: 7	Pouzite:	0 0 0 0 0 0 0 0 0 0 0 0 0 0 0 0 0 0 0 0 0 0 0 0 0 0 0 0 0 0 0 0 0 0 0 0 0 0 0 0 0 0 0 0 0 0 0 0 0 0 0 0 0 0 0 0 0 0 0 0 0 0 0 0 0 0 0 0 0 0 0 0 0 0 1 2 0 0 0 0 0 4 0 0 0 0 0 0 0 0 0 	Zvysne:      7     1     4     1     0     1     2     1     9     1     2     5     5     2     0     4     9     9     8     7     8     4     7     9     7     3     4     3     1     1     2    10     9     3     1     4     2     7     5     5     8     4     5     4     1     9     2     7     4     1     5     5     8     9     4     2     5     9     5    10     9     1     0     7     9     6     8     0     5     4     0     7     7     8     2     6     5     8     7     5     2     3     0     0     0     0     0     0     0     0     0
DEBUG:	Suma: 14457	Hmotnost: 7	Pouzite:	0 0 0 0 0 0 0 0 0 0 0 0 0 0 0 0 0 0 0 0 0 0 0 0 0 0 0 0 0 0 0 0 0 0 0 0 0 0 0 0 0 0 0 0 1 0 0 0 0 0 0 0 0 0 0 0 0 0 0 0 0 0 0 0 0 0 0 0 0 0 0 0 0 1 0 0 0 0 0 0 2 3 0 0 0 0 0 0 0 0 0 	Zvysne:      7     1     4     1     0     1     2     1     9     1     2     5     5     2     0     4     9     9     8     7     8     4     7     9     7     3     4     3     1     1     2    10     9     3     1     4     2     7     5     5     8     4     5     4     0     9     2     7     4     1     5     5     8     9     4     2     5     9     5    10     9     1     0     7     9     6     8     0     5     4     0     7     7     7     2     6     5     8     7     5     0     0     0     0     0     0     0     0     0     0     0
-1
DEBUG:	Suma: 19503	Hmotnost: 9	Pouzite:	0 0 0 0 0 0 0 0 0 0 0 0 0 0 0 0 0 0 0 0 0 0 0 0 0 0 0 0 0 0 0 0 0 0 0 0 0 0 0 0 0 0 0 0 0 0 0 0 0 0 0 0 0 0 0 0 0 0 0 0 0 0 0 0 0 0 0 0 1 0 0 0 0 0 0 1 0 0 2 5 0 0 0 0 0 0 0 0 0 0 0 	Zvysne:      7     1     4     1     0     1     2     1     9     1     2     5     5     2     0     4     9     9     8     7     8     4     7     9     7     3     4     3     1     1     2    10     9     3     1     4     2     7     5     5     8     4     5     4     0     9     2     7     4     1     5     5     8     9     4     2     5     9     5    10     9     1     0     7     9     6     8     0     4     4     0     7     7     7     2     5     5     8     5     0     0     0     0     0     0     0     0     0     0     0     0
DEBUG:	Suma: 12559	Hmotnost: 6	Pouzite:	0 0 0 0 0 0 0 0 0 0 0 0 0 0 0 0 0 0 0 0 0 0 0 0 0 0 0 0 0 0 0 0 0 0 0 0 0 0 0 0 0 0 0 0 0 0 0 0 0 0 0 0 0 0 0 0 0 1 0 0 0 0 0 0 0 0 0 0 0 0 0 0 0 0 0 0 0 2 3 0 0 0 0 0 0 0 0 0 0 0 0 	Zvysne:      7     1     4     1     0     1     2     1     9     1     2     5     5     2     0     4     9     9     8     7     8     4     7     9     7     3     4     3     1     1     2    10     9     3     1     4     2     7     5     5     8     4     5     4     0     9     2     7     4     1     5     5     8     9     4     2     5     8     5    10     9     1     0     7     9     6     8     0     4     4     0     7     7     7     2     5     5     6     2     0     0     0     0     0     0     0     0     0     0     0     0
DEBUG:	Suma:  5913	Hmotnost: 4	Pouzite:	1 0 0 0 0 0 0 0 0 0 0 0 0 0 0 0 0 0 0 0 0 0 0 0 0 0 0 0 0 0 0 0 0 0 0 0 0 0 0 0 0 0 0 0 0 0 1 0 0 0 0 0 0 0 0 0 0 0 0 0 0 0 0 0 0 0 0 0 0 0 0 0 0 0 0 0 0 1 1 0 0 0 0 0 0 0 0 0 0 0 0 	Zvysne:      6     1     4     1     0     1     2     1     9     1     2     5     5     2     0     4     9     9     8     7     8     4     7     9     7     3     4     3     1     1     2    10     9     3     1     4     2     7     5     5     8     4     5     4     0     9     1     7     4     1     5     5     8     9     4     2     5     8     5    10     9     1     0     7     9     6     8     0     4     4     0     7     7     7     2     5     5     5     1     0     0     0     0     0     0     0     0     0     0     0     0
DEBUG:	Suma: 12874	Hmotnost: 6	Pouzite:	0 0 0 0 0 0 0 0 0 0 0 0 0 0 0 0 0 0 0 0 0 0 0 0 0 0 0 0 0 0 0 0 0 0 0 0 0 0 0 0 0 0 0 0 0 0 0 0 0 0 0 0 0 0 0 0 0 0 0 0 0 0 0 0 0 0 0 0 0 1 0 0 1 0 0 1 0 2 1 0 0 0 0 0 0 0 0 0 0 0 0 	Zvysne:      6     1     4     1     0     1     2     1     9     1     2     5     5     2     0     4     9     9     8     7     8     4     7     9     7     3     4     3     1     1     2    10     9     3     1     4     2     7     5     5     8     4     5     4     0     9     1     7     4     1     5     5     8     9     4     2     5     8     5    10     9     1     0     7     9     6     8     0     4     3     0     7     6     7     2     4     5     3     0     0     0     0     0     0     0     0     0     0     0     0     0
DEBUG:	Suma: 16718	Hmotnost: 8	Pouzite:	0 0 0 0 0 0 0 0 0 0 0 0 0 0 0 0 0 0 0 0 0 0 0 0 0 0 0 0 0 0 0 0 0 0 0 0 0 0 0 0 0 0 0 0 0 0 0 0 0 0 0 0 0 0 0 0 0 1 0 0 0 0 0 0 0 0 0 0 0 1 0 0 0 1 0 0 2 3 0 0 0 0 0 0 0 0 0 0 0 0 0 	Zvysne:      6     1     4     1     0     1     2     1     9     1     2     5     5     2     0     4     9     9     8     7     8     4     7     9     7     3     4     3     1     1     2    10     9     3     1     4     2     7     5     5     8     4     5     4     0     9     1     7     4     1     5     5     8     9     4     2     5     7     5    10     9     1     0     7     9     6     8     0     4     2     0     7     6     6     2     4     3     0     0     0     0     0     0     0     0     0     0     0     0     0     0
DEBUG:	Suma:  1756	Hmotnost: 2	Pouzite:	0 0 0 1 0 0 0 0 0 0 0 0 0 0 0 0 0 0 0 0 0 0 0 0 0 0 0 0 0 0 0 0 0 0 0 0 0 0 0 0 0 0 0 0 0 0 0 1 0 0 0 0 0 0 0 0 0 0 0 0 0 0 0 0 0 0 0 0 0 0 0 0 0 0 0 0 0 0 0 0 0 0 0 0 0 0 0 0 0 0 0 	Zvysne:      6     1     4     0     0     1     2     1     9     1     2     5     5     2     0     4     9     9     8     7     8     4     7     9     7     3     4     3     1     1     2    10     9     3     1     4     2     7     5     5     8     4     5     4     0     9     1     6     4     1     5     5     8     9     4     2     5     7     5    10     9     1     0     7     9     6     8     0     4     2     0     7     6     6     2     4     3     0     0     0     0     0     0     0     0     0     0     0     0     0     0
DEBUG:	Suma: 15810	Hmotnost: 8	Pouzite:	0 0 0 0 0 0 0 0 0 0 0 0 0 1 0 0 0 0 0 0 0 0 0 0 0 0 0 0 0 0 0 0 0 0 0 0 0 0 0 0 0 0 0 0 0 0 0 0 0 0 0 0 0 0 0 0 0 0 0 0 0 0 0 0 0 0 0 0 0 0 0 0 0 0 0 4 3 0 0 0 0 0 0 0 0 0 0 0 0 0 0 	Zvysne:      6     1     4     0     0     1     2     1     9     1     2     5     5     1     0     4     9     9     8     7     8     4     7     9     7     3     4     3     1     1     2    10     9     3     1     4     2     7     5     5     8     4     5     4     0     9     1     6     4     1     5     5     8     9     4     2     5     7     5    10     9     1     0     7     9     6     8     0     4     2     0     7     6     6     2     0     0     0     0     0     0     0     0     0     0     0     0     0     0     0     0
DEBUG:	Suma:  8977	Hmotnost: 5	Pouzite:	0 0 0 0 0 0 0 0 0 0 0 0 0 0 0 0 0 0 0 0 0 0 0 0 0 0 0 0 0 0 0 0 0 0 0 0 0 0 1 0 0 0 0 1 0 0 0 0 0 0 0 0 0 0 0 0 0 0 0 0 0 0 0 0 0 0 0 0 0 0 0 0 0 1 2 0 0 0 0 0 0 0 0 0 0 0 0 0 0 0 0 	Zvysne:      6     1     4     0     0     1     2     1     9     1     2     5     5     1     0     4     9     9     8     7     8     4     7     9     7     3     4     3     1     1     2    10     9     3     1     4     2     7     4     5     8     4     5     3     0     9     1     6     4     1     5     5     8     9     4     2     5     7     5    10     9     1     0     7     9     6     8     0     4     2     0     7     6     5     0     0     0     0     0     0     0     0     0     0     0     0     0     0     0     0     0
DEBUG:	Suma: 13269	Hmotnost: 7	Pouzite:	0 0 0 0 0 0 0 0 0 0 0 0 0 0 0 0 0 0 0 0 0 0 1 0 0 0 0 0 0 0 0 0 0 0 0 0 0 0 0 0 0 0 0 0 0 0 0 0 0 0 0 0 0 0 0 0 0 0 0 1 0 0 0 0 0 0 0 0 0 0 0 0 1 4 0 0 0 0 0 0 0 0 0 0 0 0 0 0 0 0 0 	Zvysne:      6     1     4     0     0     1     2     1     9     1     2     5     5     1     0     4     9     9     8     7     8     4     6     9     7     3     4     3     1     1     2    10     9     3     1     4     2     7     4     5     8     4     5     3     0     9     1     6     4     1     5     5     8     9     4     2     5     7     5     9     9     1     0     7     9     6     8     0     4     2     0     7     5     1     0     0     0     0     0     0     0     0     0     0     0     0     0     0     0     0     0
DEBUG:	Suma:  8314	Hmotnost: 5	Pouzite:	0 0 0 0 0 1 0 0 0 0 0 0 0 0 0 0 0 0 0 0 0 0 0 0 0 0 0 0 0 0 0 0 0 0 0 0 0 0 0 0 0 0 0 0 0 0 0 0 0 0 0 1 0 0 0 0 0 0 0 0 0 0 0 0 0 0 0 0 0 0 0 0 2 1 0 0 0 0 0 0 0 0 0 0 0 0 0 0 0 0 0 	Zvysne:      6     1     4     0     0     0     2     1     9     1     2     5     5     1     0     4     9     9     8     7     8     4     6     9     7     3     4     3     1     1     2    10     9     3     1     4     2     7     4     5     8     4     5     3     0     9     1     6     4     1     5     4     8     9     4     2     5     7     5     9     9     1     0     7     9     6     8     0     4     2     0     7     3     0     0     0     0     0     0     0     0     0     0     0     0     0     0     0     0     0     0
DEBUG:	Suma: 13506	Hmotnost: 7	Pouzite:	0 0 0 0 0 0 0 0 0 0 0 0 0 0 0 0 0 0 0 0 0 0 0 0 0 0 0 0 0 0 0 0 0 0 0 0 0 0 0 0 0 0 0 0 0 0 0 0 0 1 0 0 0 0 1 0 0 0 0 0 0 0 0 0 0 0 0 0 0 0 0 2 3 0 0 0 0 0 0 0 0 0 0 0 0 0 0 0 0 0 0 	Zvysne:      6     1     4     0     0     0     2     1     9     1     2     5     5     1     0     4     9     9     8     7     8     4     6     9     7     3     4     3     1     1     2    10     9     3     1     4     2     7     4     5     8     4     5     3     0     9     1     6     4     0     5     4     8     9     3     2     5     7     5     9     9     1     0     7     9     6     8     0     4     2     0     5     0     0     0     0     0     0     0     0     0     0     0     0     0     0     0     0     0     0     0
DEBUG:	Suma: 15483	Hmotnost: 8	Pouzite:	0 0 0 0 0 0 0 0 0 0 0 0 0 0 0 0 0 0 0 0 0 0 0 0 0 0 0 0 0 0 0 0 0 0 0 0 0 0 0 0 0 0 0 0 0 0 0 0 0 0 0 1 0 0 0 0 0 0 0 1 0 0 0 0 0 0 1 0 0 1 0 4 0 0 0 0 0 0 0 0 0 0 0 0 0 0 0 0 0 0 0 	Zvysne:      6     1     4     0     0     0     2     1     9     1     2     5     5     1     0     4     9     9     8     7     8     4     6     9     7     3     4     3     1     1     2    10     9     3     1     4     2     7     4     5     8     4     5     3     0     9     1     6     4     0     5     3     8     9     3     2     5     7     5     8     9     1     0     7     9     6     7     0     4     1     0     1     0     0     0     0     0     0     0     0     0     0     0     0     0     0     0     0     0     0     0
DEBUG:	Suma: 11800	Hmotnost: 6	Pouzite:	0 0 0 0 0 0 0 0 0 0 0 0 0 0 0 0 0 0 0 0 0 0 0 0 0 0 0 0 0 0 0 0 0 0 0 0 0 0 0 0 0 0 0 0 0 0 0 0 0 0 0 0 0 0 0 0 0 0 0 1 0 0 0 0 1 0 1 0 1 1 0 1 0 0 0 0 0 0 0 0 0 0 0 0 0 0 0 0 0 0 0 	Zvysne:      6     1     4     0     0     0     2     1     9     1     2     5     5     1     0     4     9     9     8     7     8     4     6     9     7     3     4     3     1     1     2    10     9     3     1     4     2     7     4     5     8     4     5     3     0     9     1     6     4     0     5     3     8     9     3     2     5     7     5     7     9     1     0     7     8     6     6     0     3     0     0     0     0     0     0     0     0     0     0     0     0     0     0     0     0     0     0     0     0     0     0
DEBUG:	Suma: 17944	Hmotnost: 10	Pouzite:	0 0 0 0 0 0 0 0 0 0 1 0 0 0 0 0 0 0 0 0 0 0 0 0 0 0 0 0 0 0 0 0 0 0 0 0 0 0 0 0 0 0 0 0 0 0 0 0 0 0 1 0 0 0 0 0 0 0 0 0 0 0 0 0 0 1 4 0 3 0 0 0 0 0 0 0 0 0 0 0 0 0 0 0 0 0 0 0 0 0 0 	Zvysne:      6     1     4     0     0     0     2     1     9     1     1     5     5     1     0     4     9     9     8     7     8     4     6     9     7     3     4     3     1     1     2    10     9     3     1     4     2     7     4     5     8     4     5     3     0     9     1     6     4     0     4     3     8     9     3     2     5     7     5     7     9     1     0     7     8     5     2     0     0     0     0     0     0     0     0     0     0     0     0     0     0     0     0     0     0     0     0     0     0     0     0
DEBUG:	Suma: 10838	Hmotnost: 6	Pouzite:	0 0 0 0 0 0 0 0 0 0 0 0 0 0 0 0 0 0 0 0 0 0 0 0 0 0 0 0 0 0 0 0 0 0 0 0 0 0 0 0 0 0 1 0 0 0 0 0 0 0 0 0 0 0 0 0 0 0 0 1 0 0 0 1 0 1 2 0 0 0 0 0 0 0 0 0 0 0 0 0 0 0 0 0 0 0 0 0 0 0 0 	Zvysne:      6     1     4     0     0     0     2     1     9     1     1     5     5     1     0     4     9     9     8     7     8     4     6     9     7     3     4     3     1     1     2    10     9     3     1     4     2     7     4     5     8     4     4     3     0     9     1     6     4     0     4     3     8     9     3     2     5     7     5     6     9     1     0     6     8     4     0     0     0     0     0     0     0     0     0     0     0     0     0     0     0     0     0     0     0     0     0     0     0     0     0
DEBUG:	Suma:  2668	Hmotnost: 3	Pouzite:	0 0 1 0 0 0 0 0 0 0 0 0 0 0 0 0 0 0 1 0 0 0 0 0 0 0 0 0 0 0 0 0 0 0 0 0 0 0 0 0 0 0 0 0 0 0 0 0 0 0 0 0 0 0 0 0 0 0 1 0 0 0 0 0 0 0 0 0 0 0 0 0 0 0 0 0 0 0 0 0 0 0 0 0 0 0 0 0 0 0 0 	Zvysne:      6     1     3     0     0     0     2     1     9     1     1     5     5     1     0     4     9     9     7     7     8     4     6     9     7     3     4     3     1     1     2    10     9     3     1     4     2     7     4     5     8     4     4     3     0     9     1     6     4     0     4     3     8     9     3     2     5     7     4     6     9     1     0     6     8     4     0     0     0     0     0     0     0     0     0     0     0     0     0     0     0     0     0     0     0     0     0     0     0     0     0
DEBUG:	Suma:  7373	Hmotnost: 5	Pouzite:	0 0 0 0 0 0 0 1 0 0 0 0 0 0 0 0 0 0 0 0 0 0 0 0 0 0 0 0 0 1 0 0 0 0 0 0 0 0 0 0 0 0 0 0 0 0 0 0 0 0 0 0 0 0 0 0 0 0 0 0 0 0 0 0 0 3 0 0 0 0 0 0 0 0 0 0 0 0 0 0 0 0 0 0 0 0 0 0 0 0 0 	Zvysne:      6     1     3     0     0     0     2     0     9     1     1     5     5     1     0     4     9     9     7     7     8     4     6     9     7     3     4     3     1     0     2    10     9     3     1     4     2     7     4     5     8     4     4     3     0     9     1     6     4     0     4     3     8     9     3     2     5     7     4     6     9     1     0     6     8     1     0     0     0     0     0     0     0     0     0     0     0     0     0     0     0     0     0     0     0     0     0     0     0     0     0
DEBUG:	Suma: 17461	Hmotnost: 10	Pouzite:	0 0 0 0 0 0 0 0 0 0 0 0 0 0 0 0 0 0 0 0 0 0 0 0 1 0 0 0 0 0 0 1 0 0 0 0 0 0 0 0 0 0 0 0 0 0 0 0 0 0 0 0 0 0 0 0 0 0 0 0 0 0 0 1 6 1 0 0 0 0 0 0 0 0 0 0 0 0 0 0 0 0 0 0 0 0 0 0 0 0 0 	Zvysne:      6     1     3     0     0     0     2     0     9     1     1     5     5     1     0     4     9     9     7     7     8     4     6     9     6     3     4     3     1     0     2     9     9     3     1     4     2     7     4     5     8     4     4     3     0     9     1     6     4     0     4     3     8     9     3     2     5     7     4     6     9     1     0     5     2     0     0     0     0     0     0     0     0     0     0     0     0     0     0     0     0     0     0     0     0     0     0     0     0     0     0
DEBUG:	Suma:  6157	Hmotnost: 4	Pouzite:	0 0 0 0 0 0 0 0 0 0 0 0 0 0 0 0 0 0 0 0 0 0 0 0 0 0 0 0 1 0 0 0 0 0 0 0 0 0 0 0 0 0 0 0 0 0 1 0 0 0 0 0 0 0 0 0 0 0 0 0 0 0 0 1 1 0 0 0 0 0 0 0 0 0 0 0 0 0 0 0 0 0 0 0 0 0 0 0 0 0 0 	Zvysne:      6     1     3     0     0     0     2     0     9     1     1     5     5     1     0     4     9     9     7     7     8     4     6     9     6     3     4     3     0     0     2     9     9     3     1     4     2     7     4     5     8     4     4     3     0     9     0     6     4     0     4     3     8     9     3     2     5     7     4     6     9     1     0     4     1     0     0     0     0     0     0     0     0     0     0     0     0     0     0     0     0     0     0     0     0     0     0     0     0     0     0
DEBUG:	Suma: 13197	Hmotnost: 8	Pouzite:	0 0 0 0 0 0 0 0 0 0 0 0 0 0 0 0 1 0 0 0 0 0 0 0 0 0 0 0 0 0 0 0 0 0 0 0 1 0 0 0 0 0 0 0 0 0 0 0 0 0 0 0 0 0 0 0 0 0 0 0 0 1 0 4 1 0 0 0 0 0 0 0 0 0 0 0 0 0 0 0 0 0 0 0 0 0 0 0 0 0 0 	Zvysne:      6     1     3     0     0     0     2     0     9     1     1     5     5     1     0     4     8     9     7     7     8     4     6     9     6     3     4     3     0     0     2     9     9     3     1     4     1     7     4     5     8     4     4     3     0     9     0     6     4     0     4     3     8     9     3     2     5     7     4     6     9     0     0     0     0     0     0     0     0     0     0     0     0     0     0     0     0     0     0     0     0     0     0     0     0     0     0     0     0     0     0
DEBUG:	Suma: 12536	Hmotnost: 8	Pouzite:	0 0 0 0 0 0 0 0 0 0 0 0 0 0 0 0 0 0 1 0 0 0 0 0 0 0 0 0 0 0 0 0 0 0 0 0 0 0 0 0 0 0 0 0 0 1 0 0 0 0 0 0 0 0 0 0 0 0 1 0 5 0 0 0 0 0 0 0 0 0 0 0 0 0 0 0 0 0 0 0 0 0 0 0 0 0 0 0 0 0 0 	Zvysne:      6     1     3     0     0     0     2     0     9     1     1     5     5     1     0     4     8     9     6     7     8     4     6     9     6     3     4     3     0     0     2     9     9     3     1     4     1     7     4     5     8     4     4     3     0     8     0     6     4     0     4     3     8     9     3     2     5     7     3     6     4     0     0     0     0     0     0     0     0     0     0     0     0     0     0     0     0     0     0     0     0     0     0     0     0     0     0     0     0     0     0
-1
DEBUG:	Suma: 10255	Hmotnost: 6	Pouzite:	0 0 0 0 0 0 0 0 0 0 0 0 0 0 0 0 0 0 0 0 0 0 0 0 0 0 0 0 0 0 0 0 0 0 0 0 0 0 0 0 0 0 0 0 0 0 0 0 0 0 0 0 0 0 0 0 0 2 1 2 1 0 0 0 0 0 0 0 0 0 0 0 0 0 0 0 0 0 0 0 0 0 0 0 0 0 0 0 0 0 0 	Zvysne:      6     1     3     0     0     0     2     0     9     1     1     5     5     1     0     4     8     9     6     7     8     4     6     9     6     3     4     3     0     0     2     9     9     3     1     4     1     7     4     5     8     4     4     3     0     8     0     6     4     0     4     3     8     9     3     2     5     5     2     4     3     0     0     0     0     0     0     0     0     0     0     0     0     0     0     0     0     0     0     0     0     0     0     0     0     0     0     0     0     0     0
DEBUG:	Suma: 15223	Hmotnost: 9	Pouzite:	0 0 0 0 0 0 0 0 0 0 0 0 0 0 0 0 0 0 0 0 0 0 0 0 0 0 0 0 0 0 0 0 0 0 0 0 0 0 0 0 0 1 0 0 0 0 0 0 0 0 0 0 0 0 0 0 0 1 0 4 3 0 0 0 0 0 0 0 0 0 0 0 0 0 0 0 0 0 0 0 0 0 0 0 0 0 0 0 0 0 0 	Zvysne:      6     1     3     0     0     0     2     0     9     1     1     5     5     1     0     4     8     9     6     7     8     4     6     9     6     3     4     3     0     0     2     9     9     3     1     4     1     7     4     5     8     3     4     3     0     8     0     6     4     0     4     3     8     9     3     2     5     4     2     0     0     0     0     0     0     0     0     0     0     0     0     0     0     0     0     0     0     0     0     0     0     0     0     0     0     0     0     0     0     0     0
DEBUG:	Suma: 17157	Hmotnost: 11	Pouzite:	0 0 0 0 0 0 0 0 0 0 0 0 0 0 0 0 0 0 0 0 0 0 0 0 0 0 0 0 0 0 0 0 0 0 0 0 0 1 0 0 0 0 0 0 0 0 0 1 0 0 0 0 0 0 1 0 2 4 2 0 0 0 0 0 0 0 0 0 0 0 0 0 0 0 0 0 0 0 0 0 0 0 0 0 0 0 0 0 0 0 0 	Zvysne:      6     1     3     0     0     0     2     0     9     1     1     5     5     1     0     4     8     9     6     7     8     4     6     9     6     3     4     3     0     0     2     9     9     3     1     4     1     6     4     5     8     3     4     3     0     8     0     5     4     0     4     3     8     9     2     2     3     0     0     0     0     0     0     0     0     0     0     0     0     0     0     0     0     0     0     0     0     0     0     0     0     0     0     0     0     0     0     0     0     0     0
DEBUG:	Suma: 15280	Hmotnost: 11	Pouzite:	0 0 0 0 0 0 0 0 0 0 0 0 0 0 0 0 0 0 0 0 0 0 1 1 0 0 0 0 0 0 0 0 0 0 0 0 0 0 0 0 0 0 1 0 0 0 0 0 0 0 0 0 0 1 2 2 3 0 0 0 0 0 0 0 0 0 0 0 0 0 0 0 0 0 0 0 0 0 0 0 0 0 0 0 0 0 0 0 0 0 0 	Zvysne:      6     1     3     0     0     0     2     0     9     1     1     5     5     1     0     4     8     9     6     7     8     4     5     8     6     3     4     3     0     0     2     9     9     3     1     4     1     6     4     5     8     3     3     3     0     8     0     5     4     0     4     3     8     8     0     0     0     0     0     0     0     0     0     0     0     0     0     0     0     0     0     0     0     0     0     0     0     0     0     0     0     0     0     0     0     0     0     0     0     0     0
DEBUG:	Suma:  5813	Hmotnost: 5	Pouzite:	0 1 0 0 0 0 0 0 0 0 0 0 0 0 0 0 0 0 0 0 0 0 0 0 0 0 0 0 0 0 0 0 0 0 0 0 0 0 1 0 0 0 0 1 0 0 0 0 0 0 0 0 0 2 0 0 0 0 0 0 0 0 0 0 0 0 0 0 0 0 0 0 0 0 0 0 0 0 0 0 0 0 0 0 0 0 0 0 0 0 0 	Zvysne:      6     0     3     0     0     0     2     0     9     1     1     5     5     1     0     4     8     9     6     7     8     4     5     8     6     3     4     3     0     0     2     9     9     3     1     4     1     6     3     5     8     3     3     2     0     8     0     5     4     0     4     3     8     6     0     0     0     0     0     0     0     0     0     0     0     0     0     0     0     0     0     0     0     0     0     0     0     0     0     0     0     0     0     0     0     0     0     0     0     0     0
DEBUG:	Suma:  3095	Hmotnost: 3	Pouzite:	0 0 0 0 0 0 0 0 0 0 0 0 1 0 0 0 0 0 0 0 0 0 0 0 0 1 0 0 0 0 0 0 0 0 0 0 0 0 0 0 0 0 0 0 0 0 0 0 0 0 0 0 0 1 0 0 0 0 0 0 0 0 0 0 0 0 0 0 0 0 0 0 0 0 0 0 0 0 0 0 0 0 0 0 0 0 0 0 0 0 0 	Zvysne:      6     0     3     0     0     0     2     0     9     1     1     5     4     1     0     4     8     9     6     7     8     4     5     8     6     2     4     3     0     0     2     9     9     3     1     4     1     6     3     5     8     3     3     2     0     8     0     5     4     0     4     3     8     5     0     0     0     0     0     0     0     0     0     0     0     0     0     0     0     0     0     0     0     0     0     0     0     0     0     0     0     0     0     0     0     0     0     0     0     0     0
-1

